datetime,open,high,low,close,% change
2019-06-28 21:54:00,74.28,74.42,74.28,74.4,0.161550888529893
2019-06-28 21:53:00,74.39,74.4,74.27,74.27,-0.1613120043016595
2019-06-28 21:52:00,74.48,74.48,74.37,74.38,-0.1342642320086043
2019-06-28 21:51:00,74.56,74.57,74.43,74.46,-0.1341201716738311
2019-06-28 21:50:00,74.64,74.67,74.56,74.58,-0.0803858520900352
2019-06-28 21:49:00,74.63,74.64,74.6,74.64,0.0133994372236434
2019-06-28 21:48:00,74.64,74.64,74.58,74.63,-0.0133976420150122
2019-06-28 21:47:00,74.74,74.74,74.64,74.64,-0.1337971635001262
2019-06-28 21:46:00,74.77,74.77,74.73,74.74,-0.0401230440016064
2019-06-28 21:45:00,74.81,74.81,74.74,74.77,-0.0534687875952496
2019-06-28 21:44:00,74.82,74.86,74.81,74.81,-0.0133654103180846
2019-06-28 21:43:00,74.86,74.86,74.81,74.82,-0.0534330750734788
2019-06-28 21:42:00,74.81,74.86,74.81,74.86,0.0668359844940477
2019-06-28 21:41:00,74.83,74.83,74.8,74.81,-0.0267272484297688
2019-06-28 21:40:00,74.89,74.9,74.81,74.83,-0.080117505674993
2019-06-28 21:39:00,74.88,74.9,74.87,74.88,0.0
2019-06-28 21:38:00,74.81,74.9,74.81,74.88,0.0935703782916631
2019-06-28 21:37:00,74.83,74.84,74.8,74.81,-0.0267272484297688
2019-06-28 21:36:00,74.88,74.88,74.83,74.83,-0.0667735042735004
2019-06-28 21:35:00,74.87,74.88,74.85,74.87,0.0
2019-06-28 21:34:00,74.85,74.88,74.83,74.87,0.0267201068804411
2019-06-28 21:33:00,74.89,74.9,74.84,74.85,-0.0534116704500016
2019-06-28 21:32:00,74.85,74.89,74.85,74.89,0.0534402137608634
2019-06-28 21:31:00,74.9,74.9,74.83,74.85,-0.0667556742323249
2019-06-28 21:30:00,74.84,74.9,74.84,74.89,0.0668091929449454
2019-06-28 21:29:00,74.84,74.86,74.82,74.84,0.0
2019-06-28 21:28:00,74.87,74.88,74.84,74.84,-0.0400694537197824
2019-06-28 21:27:00,74.81,74.86,74.81,74.86,0.0668359844940477
2019-06-28 21:26:00,74.78,74.82,74.78,74.81,0.0401176785236709
2019-06-28 21:25:00,74.77,74.79,74.76,74.79,0.0267486960010836
2019-06-28 21:24:00,74.81,74.81,74.75,74.77,-0.0534687875952496
2019-06-28 21:23:00,74.77,74.81,74.75,74.81,0.0534973920021482
2019-06-28 21:22:00,74.76,74.79,74.73,74.77,0.0133761369716304
2019-06-28 21:21:00,74.75,74.78,74.75,74.77,0.026755852842804
2019-06-28 21:20:00,74.76,74.76,74.73,74.75,-0.0133761369716494
2019-06-28 21:19:00,74.75,74.79,74.75,74.76,0.0133779264214115
2019-06-28 21:18:00,74.7,74.76,74.69,74.75,0.066934404283798
2019-06-28 21:17:00,74.67,74.71,74.67,74.7,0.0401767778224201
2019-06-28 21:16:00,74.73,74.73,74.67,74.67,-0.0802890405459685
2019-06-28 21:15:00,74.71,74.74,74.69,74.72,0.0133850890108487
2019-06-28 21:14:00,74.67,74.71,74.65,74.71,0.0535690370965475
2019-06-28 21:13:00,74.66,74.69,74.65,74.67,0.0133940530404568
2019-06-28 21:12:00,74.68,74.69,74.65,74.65,-0.0401713979646506
2019-06-28 21:11:00,74.7,74.71,74.66,74.68,-0.0267737617135154
2019-06-28 21:10:00,74.69,74.72,74.68,74.7,0.0133886731824944
2019-06-28 21:09:00,74.7,74.71,74.69,74.69,-0.0133868808567672
2019-06-28 21:08:00,74.69,74.71,74.64,74.7,0.0133886731824944
2019-06-28 21:07:00,74.67,74.72,74.64,74.69,0.0267845185482737
2019-06-28 21:06:00,74.63,74.69,74.62,74.67,0.0535977488945548
2019-06-28 21:05:00,74.62,74.62,74.58,74.62,0.0
2019-06-28 21:04:00,74.58,74.62,74.58,74.62,0.0536336819522744
2019-06-28 21:03:00,74.61,74.61,74.56,74.58,-0.0402090872537208
2019-06-28 21:02:00,74.6,74.62,74.58,74.61,0.0134048257372722
2019-06-28 21:01:00,74.58,74.62,74.58,74.62,0.0536336819522744
2019-06-28 21:00:00,74.57,74.61,74.55,74.58,0.0134102185865698
2019-06-28 20:59:00,74.57,74.6,74.55,74.57,0.0
2019-06-28 20:58:00,74.6,74.6,74.57,74.57,-0.0402144772117977
2019-06-28 20:57:00,74.66,74.67,74.6,74.6,-0.0803643182427032
2019-06-28 20:56:00,74.65,74.69,74.64,74.66,0.0133958472873287
2019-06-28 20:55:00,74.66,74.69,74.64,74.66,0.0
2019-06-28 20:54:00,74.6,74.67,74.6,74.66,0.0804289544235955
2019-06-28 20:53:00,74.59,74.64,74.59,74.6,0.0134066228716864
2019-06-28 20:52:00,74.62,74.63,74.59,74.59,-0.0402036987402856
2019-06-28 20:51:00,74.69,74.7,74.59,74.62,-0.0937207122774041
2019-06-28 20:50:00,74.71,74.71,74.64,74.69,-0.0267701780216785
2019-06-28 20:49:00,74.7,74.71,74.67,74.71,0.0133868808567482
2019-06-28 20:48:00,74.63,74.72,74.63,74.7,0.0937960605654661
2019-06-28 20:47:00,74.62,74.64,74.6,74.63,0.0134012329134158
2019-06-28 20:46:00,74.56,74.65,74.56,74.62,0.0804721030042948
2019-06-28 20:45:00,74.59,74.62,74.56,74.56,-0.0402198686150973
2019-06-28 20:44:00,74.61,74.63,74.59,74.59,-0.0268060581691408
2019-06-28 20:43:00,74.65,74.65,74.59,74.62,-0.0401875418620242
2019-06-28 20:42:00,74.67,74.7,74.61,74.65,-0.0267845185482737
2019-06-28 20:41:00,74.68,74.71,74.66,74.67,-0.0133904659882232
2019-06-28 20:40:00,74.62,74.68,74.62,74.68,0.0804073974805712
2019-06-28 20:39:00,74.62,74.62,74.6,74.62,0.0
2019-06-28 20:38:00,74.69,74.71,74.63,74.65,-0.0535546927299398
2019-06-28 20:37:00,74.58,74.7,74.58,74.69,0.1474926253687308
2019-06-28 20:36:00,74.53,74.59,74.52,74.58,0.0670870790285752
2019-06-28 20:35:00,74.63,74.64,74.52,74.52,-0.1473938094600019
2019-06-28 20:34:00,74.63,74.63,74.61,74.63,0.0
2019-06-28 20:33:00,74.63,74.66,74.63,74.63,0.0
2019-06-28 20:32:00,74.64,74.64,74.62,74.63,-0.0133976420150122
2019-06-28 20:31:00,74.63,74.65,74.61,74.64,0.0133994372236434
2019-06-28 20:30:00,74.65,74.66,74.63,74.64,-0.0133958472873477
2019-06-28 20:29:00,74.66,74.66,74.62,74.65,-0.0133940530404378
2019-06-28 20:28:00,74.66,74.68,74.65,74.66,0.0
2019-06-28 20:27:00,74.65,74.68,74.63,74.66,0.0133958472873287
2019-06-28 20:26:00,74.62,74.66,74.62,74.65,0.0402036987402856
2019-06-28 20:25:00,74.55,74.63,74.55,74.62,0.0938967136150333
2019-06-28 20:24:00,74.54,74.56,74.53,74.55,0.0134156157767519
2019-06-28 20:23:00,74.55,74.57,74.54,74.54,-0.0134138162307054
2019-06-28 20:22:00,74.61,74.61,74.55,74.55,-0.0804181745074417
2019-06-28 20:21:00,74.61,74.64,74.61,74.61,0.0
2019-06-28 20:20:00,74.59,74.63,74.59,74.61,0.0268132457433919
2019-06-28 20:19:00,74.6,74.6,74.58,74.59,-0.0134048257372532
2019-06-28 20:18:00,74.61,74.62,74.58,74.6,-0.0134030290845799
2019-06-28 20:17:00,74.56,74.59,74.53,74.59,0.0402360515021474
2019-06-28 20:16:00,74.52,74.55,74.5,74.53,0.0134192163177739
2019-06-28 20:15:00,74.5,74.53,74.48,74.52,0.0268456375838872
2019-06-28 20:14:00,74.53,74.53,74.5,74.5,-0.0402522474171489
2019-06-28 20:13:00,74.52,74.58,74.51,74.53,0.0134192163177739
2019-06-28 20:12:00,74.47,74.51,74.47,74.51,0.0537129045253206
2019-06-28 20:11:00,74.5,74.52,74.46,74.47,-0.0402684563758404
2019-06-28 20:10:00,74.48,74.51,74.46,74.5,0.0268528464017132
2019-06-28 20:09:00,74.43,74.49,74.43,74.48,0.0671772134891806
2019-06-28 20:08:00,74.41,74.45,74.37,74.43,0.0268781077812259
2019-06-28 20:07:00,74.5,74.5,74.41,74.41,-0.1208053691275213
2019-06-28 20:06:00,74.55,74.57,74.5,74.5,-0.0670690811535843
2019-06-28 20:05:00,74.53,74.55,74.51,74.55,0.0268348316114263
2019-06-28 20:04:00,74.55,74.56,74.51,74.53,-0.0268276324614299
2019-06-28 20:03:00,74.53,74.54,74.5,74.54,0.0134174158057226
2019-06-28 20:02:00,74.49,74.55,74.47,74.53,0.0536984830178631
2019-06-28 20:01:00,74.45,74.5,74.45,74.49,0.0537273337810504
2019-06-28 20:00:00,74.46,74.51,74.45,74.45,-0.0134300295460527
2019-06-28 19:59:00,74.44,74.5,74.44,74.47,0.0403009134873739
2019-06-28 19:58:00,74.62,74.62,74.43,74.44,-0.2412221924417137
2019-06-28 19:57:00,74.69,74.75,74.6,74.61,-0.1071093854598986
2019-06-28 19:56:00,74.68,74.69,74.58,74.69,0.0133904659882042
2019-06-28 19:55:00,74.7,74.7,74.67,74.68,-0.0267737617135154
2019-06-28 19:54:00,74.72,74.73,74.67,74.7,-0.0267665952890739
2019-06-28 19:53:00,74.73,74.73,74.67,74.72,-0.0133815067576677
2019-06-28 19:52:00,74.76,74.79,74.67,74.73,-0.0401284109149292
2019-06-28 19:51:00,74.88,74.91,74.75,74.76,-0.1602564102563973
2019-06-28 19:50:00,74.9,74.9,74.88,74.89,-0.0133511348464687
2019-06-28 19:49:00,74.86,74.95,74.86,74.9,0.0534330750734788
2019-06-28 19:48:00,74.83,74.87,74.79,74.86,0.0400908726446627
2019-06-28 19:47:00,74.83,74.88,74.83,74.83,0.0
2019-06-28 19:46:00,74.82,74.87,74.79,74.83,0.0133654103181036
2019-06-28 19:45:00,74.83,74.83,74.74,74.82,-0.0133636242148939
2019-06-28 19:44:00,74.82,74.87,74.82,74.85,0.0400962309542918
2019-06-28 19:43:00,74.91,74.91,74.78,74.82,-0.1201441730076136
2019-06-28 19:42:00,74.91,74.96,74.91,74.91,0.0
2019-06-28 19:41:00,74.93,74.93,74.83,74.91,-0.0266915788069
2019-06-28 19:40:00,74.97,74.98,74.93,74.93,-0.053354675203404
2019-06-28 19:39:00,75.01,75.04,74.95,74.96,-0.0666577789628201
2019-06-28 19:38:00,74.93,75.02,74.91,75.01,0.1067663152275434
2019-06-28 19:37:00,74.97,74.98,74.93,74.93,-0.053354675203404
2019-06-28 19:36:00,74.94,74.99,74.94,74.97,0.0400320256204979
2019-06-28 19:35:00,74.84,74.96,74.84,74.93,0.1202565473009131
2019-06-28 19:34:00,74.89,74.89,74.83,74.84,-0.0667645880624878
2019-06-28 19:33:00,74.85,74.9,74.85,74.89,0.0534402137608634
2019-06-28 19:32:00,74.87,74.91,74.84,74.85,-0.0267129691465343
2019-06-28 19:31:00,74.82,74.87,74.82,74.86,0.0534616412723954
2019-06-28 19:30:00,74.75,74.82,74.75,74.82,0.0936454849498236
2019-06-28 19:29:00,74.8,74.83,74.74,74.75,-0.0668449197860924
2019-06-28 19:28:00,74.75,74.81,74.75,74.8,0.0668896321070196
2019-06-28 19:27:00,74.74,74.76,74.72,74.75,0.0133797163500202
2019-06-28 19:26:00,74.75,74.76,74.72,74.74,-0.0133779264214115
2019-06-28 19:25:00,74.72,74.77,74.71,74.75,0.0401498929336203
2019-06-28 19:24:00,74.7,74.72,74.7,74.72,0.0267737617135154
2019-06-28 19:23:00,74.61,74.7,74.61,74.7,0.1206272617611625
2019-06-28 19:22:00,74.76,74.77,74.6,74.61,-0.2006420545746464
2019-06-28 19:21:00,74.73,74.77,74.7,74.76,0.0401445202729842
2019-06-28 19:20:00,74.78,74.8,74.72,74.73,-0.0668627975394452
2019-06-28 19:19:00,74.76,74.79,74.72,74.78,0.0267522739432798
2019-06-28 19:18:00,74.69,74.8,74.69,74.77,0.1071093854598986
2019-06-28 19:17:00,74.72,74.72,74.66,74.69,-0.0401498929336203
2019-06-28 19:16:00,74.63,74.74,74.6,74.72,0.120594935012734
2019-06-28 19:15:00,74.61,74.62,74.57,74.62,0.0134030290845799
2019-06-28 19:14:00,74.61,74.62,74.61,74.61,0.0
2019-06-28 19:13:00,74.58,74.63,74.58,74.61,0.040225261464201
2019-06-28 19:12:00,74.57,74.58,74.53,74.58,0.0134102185865698
2019-06-28 19:11:00,74.58,74.61,74.57,74.57,-0.0134084204880733
2019-06-28 19:10:00,74.61,74.63,74.58,74.58,-0.0402090872537208
2019-06-28 19:09:00,74.55,74.62,74.55,74.61,0.0804828973843088
2019-06-28 19:08:00,74.5,74.56,74.5,74.55,0.0671140939597277
2019-06-28 19:07:00,74.45,74.51,74.44,74.5,0.0671591672263225
2019-06-28 19:06:00,74.46,74.46,74.44,74.45,-0.0134300295460527
2019-06-28 19:05:00,74.48,74.48,74.44,74.46,-0.0268528464017323
2019-06-28 19:04:00,74.44,74.48,74.44,74.47,0.0403009134873739
2019-06-28 19:03:00,74.48,74.49,74.44,74.44,-0.0537056928034455
2019-06-28 19:02:00,74.44,74.49,74.43,74.47,0.0403009134873739
2019-06-28 19:01:00,74.44,74.47,74.43,74.44,0.0
2019-06-28 19:00:00,74.43,74.46,74.43,74.44,0.0134354426978246
2019-06-28 18:59:00,74.44,74.44,74.42,74.43,-0.0134336378291119
2019-06-28 18:58:00,74.49,74.49,74.43,74.44,-0.0671231037723146
2019-06-28 18:57:00,74.49,74.51,74.49,74.49,0.0
2019-06-28 18:56:00,74.44,74.49,74.44,74.49,0.0671681891456168
2019-06-28 18:55:00,74.51,74.51,74.42,74.43,-0.1073681385048963
2019-06-28 18:54:00,74.47,74.52,74.47,74.51,0.0537129045253206
2019-06-28 18:53:00,74.55,74.55,74.5,74.51,-0.0536552649228598
2019-06-28 18:52:00,74.45,74.55,74.45,74.55,0.1343183344526451
2019-06-28 18:51:00,74.49,74.5,74.44,74.45,-0.053698483017844
2019-06-28 18:50:00,74.55,74.55,74.44,74.49,-0.0804828973843088
2019-06-28 18:49:00,74.55,74.59,74.54,74.55,0.0
2019-06-28 18:48:00,74.43,74.56,74.42,74.55,0.1612253123740297
2019-06-28 18:47:00,74.42,74.45,74.42,74.43,0.0134372480516059
2019-06-28 18:46:00,74.42,74.45,74.41,74.42,0.0
2019-06-28 18:45:00,74.45,74.45,74.42,74.42,-0.0402955003357973
2019-06-28 18:44:00,74.38,74.46,74.38,74.45,0.0941113202473882
2019-06-28 18:43:00,74.39,74.42,74.36,74.38,-0.0134426670251446
2019-06-28 18:42:00,74.36,74.39,74.36,74.39,0.0403442711135034
2019-06-28 18:41:00,74.31,74.38,74.31,74.36,0.0672856950612261
2019-06-28 18:40:00,74.33,74.35,74.27,74.31,-0.0269070361899583
2019-06-28 18:39:00,74.37,74.37,74.33,74.33,-0.0537851284120024
2019-06-28 18:38:00,74.36,74.38,74.36,74.38,0.0268961807423292
2019-06-28 18:37:00,74.36,74.36,74.33,74.36,0.0
2019-06-28 18:36:00,74.33,74.39,74.33,74.35,0.0269070361899583
2019-06-28 18:35:00,74.21,74.34,74.21,74.33,0.1617032744913146
2019-06-28 18:34:00,74.2,74.23,74.18,74.21,0.0134770889487748
2019-06-28 18:33:00,74.2,74.22,74.18,74.2,0.0
2019-06-28 18:32:00,74.18,74.21,74.18,74.2,0.0269614451334537
2019-06-28 18:31:00,74.14,74.19,74.14,74.18,0.0539519827353739
2019-06-28 18:30:00,74.22,74.22,74.14,74.14,-0.1077876583131208
2019-06-28 18:29:00,74.22,74.23,74.22,74.22,0.0
2019-06-28 18:28:00,74.25,74.25,74.22,74.22,-0.0404040404040419
2019-06-28 18:27:00,74.22,74.26,74.21,74.25,0.0404203718674227
2019-06-28 18:26:00,74.27,74.28,74.22,74.22,-0.0673219334859258
2019-06-28 18:25:00,74.29,74.3,74.26,74.26,-0.0403822856373686
2019-06-28 18:24:00,74.29,74.33,74.28,74.29,0.0
2019-06-28 18:23:00,74.21,74.3,74.21,74.29,0.1078021829942224
2019-06-28 18:22:00,74.21,74.22,74.21,74.21,0.0
2019-06-28 18:21:00,74.26,74.27,74.21,74.21,-0.0673309991920433
2019-06-28 18:20:00,74.2,74.3,74.2,74.28,0.1078167115902941
2019-06-28 18:19:00,74.21,74.23,74.2,74.2,-0.0134752728742634
2019-06-28 18:18:00,74.17,74.27,74.17,74.21,0.0539301604422165
2019-06-28 18:17:00,74.14,74.24,74.14,74.17,0.0404639870515256
2019-06-28 18:16:00,74.07,74.15,74.05,74.14,0.0945051977858882
2019-06-28 18:15:00,74.05,74.08,74.04,74.07,0.0270087778527967
2019-06-28 18:14:00,74.08,74.08,74.04,74.04,-0.0539956803455616
2019-06-28 18:13:00,74.04,74.08,74.04,74.08,0.0540248514316478
2019-06-28 18:12:00,74.07,74.08,74.04,74.04,-0.0405022276225015
2019-06-28 18:11:00,74.05,74.08,74.04,74.07,0.0270087778527967
2019-06-28 18:10:00,74.03,74.05,74.02,74.05,0.0270160745643604
2019-06-28 18:09:00,74.01,74.07,74.0,74.03,0.0270233752195595
2019-06-28 18:08:00,74.04,74.04,74.0,74.0,-0.054024851431667
2019-06-28 18:07:00,74.05,74.06,74.04,74.04,-0.0135043889263887
2019-06-28 18:06:00,74.09,74.09,74.04,74.05,-0.0539883924956218
2019-06-28 18:05:00,74.04,74.12,74.04,74.08,0.0540248514316478
2019-06-28 18:04:00,74.07,74.09,74.05,74.05,-0.0270014850816741
2019-06-28 18:03:00,74.05,74.08,74.05,74.07,0.0270087778527967
2019-06-28 18:02:00,74.0,74.05,74.0,74.04,0.0540540540540625
2019-06-28 18:01:00,73.97,74.02,73.97,74.0,0.040556982560499
2019-06-28 18:00:00,74.04,74.04,73.94,73.97,-0.0945434900054124
2019-06-28 17:59:00,74.02,74.09,74.02,74.04,0.0270197243988249
2019-06-28 17:58:00,74.04,74.04,74.01,74.02,-0.0270124257158431
2019-06-28 17:57:00,74.08,74.08,74.04,74.04,-0.0539956803455616
2019-06-28 17:56:00,74.04,74.12,74.04,74.08,0.0540248514316478
2019-06-28 17:55:00,74.06,74.08,74.03,74.04,-0.0270051309748798
2019-06-28 17:54:00,73.98,74.08,73.98,74.07,0.1216545012165304
2019-06-28 17:53:00,73.96,74.0,73.93,73.98,0.027041644131977
2019-06-28 17:52:00,73.98,74.02,73.96,73.96,-0.0270343336036904
2019-06-28 17:51:00,73.93,73.99,73.9,73.98,0.0676315433518154
2019-06-28 17:50:00,73.97,73.97,73.93,73.93,-0.0540759767473192
2019-06-28 17:49:00,74.04,74.05,73.96,73.97,-0.0945434900054124
2019-06-28 17:48:00,74.09,74.12,74.03,74.03,-0.0809825887434232
2019-06-28 17:47:00,74.11,74.11,74.07,74.09,-0.0269869113479908
2019-06-28 17:46:00,74.03,74.1,74.01,74.1,0.094556260975271
2019-06-28 17:45:00,74.06,74.12,74.03,74.03,-0.0405076964623293
2019-06-28 17:44:00,74.12,74.13,74.06,74.06,-0.0809498111171104
2019-06-28 17:43:00,74.14,74.15,74.12,74.12,-0.0269759913676773
2019-06-28 17:42:00,74.07,74.14,74.07,74.14,0.0945051977858882
2019-06-28 17:41:00,74.09,74.1,74.06,74.07,-0.0269941962478205
2019-06-28 17:40:00,74.21,74.22,74.09,74.09,-0.1617032744912954
2019-06-28 17:39:00,74.18,74.23,74.16,74.21,0.0404421677001711
2019-06-28 17:38:00,74.11,74.19,74.11,74.18,0.0944541897179967
2019-06-28 17:37:00,74.12,74.12,74.06,74.11,-0.0134916351861914
2019-06-28 17:36:00,74.11,74.12,74.09,74.12,0.013493455674005
2019-06-28 17:35:00,74.11,74.18,74.1,74.11,0.0
2019-06-28 17:34:00,74.18,74.2,74.13,74.13,-0.0674036128336632
2019-06-28 17:33:00,74.08,74.2,74.08,74.18,0.1349892008639424
2019-06-28 17:32:00,74.06,74.12,74.05,74.08,0.0270051309748798
2019-06-28 17:31:00,74.04,74.11,74.04,74.06,0.0270124257158239
2019-06-28 17:30:00,74.03,74.1,74.03,74.07,0.0540321491287208
2019-06-28 17:29:00,74.1,74.13,74.03,74.03,-0.0944669365721905
2019-06-28 17:28:00,74.2,74.2,74.09,74.1,-0.1347708894878821
2019-06-28 17:27:00,74.22,74.25,74.2,74.2,-0.0269469145782754
2019-06-28 17:26:00,74.2,74.27,74.2,74.22,0.0269541778975687
2019-06-28 17:25:00,74.2,74.21,74.18,74.2,0.0
2019-06-28 17:24:00,74.26,74.26,74.2,74.2,-0.0807971990304366
2019-06-28 17:23:00,74.22,74.27,74.22,74.26,0.05389382915657
2019-06-28 17:22:00,74.28,74.29,74.2,74.22,-0.0807754442649465
2019-06-28 17:21:00,74.25,74.3,74.25,74.27,0.0269360269360215
2019-06-28 17:20:00,74.28,74.28,74.17,74.25,-0.0403877221324732
2019-06-28 17:19:00,74.3,74.33,74.3,74.3,0.0
2019-06-28 17:18:00,74.36,74.36,74.3,74.3,-0.0806885422270068
2019-06-28 17:17:00,74.27,74.36,74.26,74.36,0.121179480274678
2019-06-28 17:16:00,74.36,74.36,74.26,74.27,-0.1210328133405102
2019-06-28 17:15:00,74.35,74.37,74.33,74.36,0.0134498991257634
2019-06-28 17:14:00,74.34,74.4,74.33,74.35,0.0134517083669503
2019-06-28 17:13:00,74.32,74.36,74.32,74.34,0.0269106566200353
2019-06-28 17:12:00,74.42,74.42,74.32,74.32,-0.1343724805160017
2019-06-28 17:11:00,74.4,74.44,74.4,74.42,0.0268817204301021
2019-06-28 17:10:00,74.51,74.51,74.4,74.4,-0.1476311904442349
2019-06-28 17:09:00,74.53,74.54,74.51,74.51,-0.0268348316114263
2019-06-28 17:08:00,74.49,74.56,74.49,74.53,0.0536984830178631
2019-06-28 17:07:00,74.43,74.49,74.43,74.49,0.0806126561870053
2019-06-28 17:06:00,74.41,74.45,74.41,74.45,0.0537562155624328
2019-06-28 17:05:00,74.47,74.47,74.41,74.41,-0.0805693567879713
2019-06-28 17:04:00,74.41,74.51,74.41,74.46,0.0671952694530266
2019-06-28 17:03:00,74.34,74.43,74.33,74.41,0.094161958568729
2019-06-28 17:02:00,74.49,74.51,74.33,74.33,-0.2147939320714144
2019-06-28 17:01:00,74.48,74.52,74.46,74.49,0.013426423200847
2019-06-28 17:00:00,74.45,74.52,74.44,74.48,0.0402955003357973
2019-06-28 16:59:00,74.44,74.46,74.42,74.45,0.0134336378291309
2019-06-28 16:58:00,74.46,74.47,74.44,74.45,-0.0134300295460527
2019-06-28 16:57:00,74.45,74.49,74.41,74.46,0.013431833445253
2019-06-28 16:56:00,74.34,74.45,74.31,74.45,0.1479687920365878
2019-06-28 16:55:00,74.46,74.47,74.36,74.36,-0.1343002954606424
2019-06-28 16:54:00,74.51,74.53,74.46,74.46,-0.0671050865655769
2019-06-28 16:53:00,74.56,74.58,74.5,74.51,-0.067060085836906
2019-06-28 16:52:00,74.56,74.61,74.53,74.56,0.0
2019-06-28 16:51:00,74.52,74.57,74.52,74.56,0.0536768652710765
2019-06-28 16:50:00,74.65,74.65,74.52,74.52,-0.1741460147354449
2019-06-28 16:49:00,74.71,74.71,74.61,74.65,-0.0803105340650355
2019-06-28 16:48:00,74.72,74.73,74.7,74.71,-0.0133832976445464
2019-06-28 16:47:00,74.7,74.75,74.66,74.72,0.0267737617135154
2019-06-28 16:46:00,74.71,74.75,74.69,74.7,-0.0133850890108297
2019-06-28 16:45:00,74.67,74.71,74.65,74.71,0.0535690370965475
2019-06-28 16:44:00,74.65,74.72,74.65,74.65,0.0
2019-06-28 16:43:00,74.65,74.7,74.64,74.65,0.0
2019-06-28 16:42:00,74.64,74.68,74.64,74.64,0.0
2019-06-28 16:41:00,74.55,74.65,74.55,74.63,0.1073105298457388
2019-06-28 16:40:00,74.68,74.7,74.54,74.55,-0.1740760578468259
2019-06-28 16:39:00,74.68,74.71,74.66,74.66,-0.0267809319764464
2019-06-28 16:38:00,74.78,74.79,74.66,74.68,-0.1337255950788904
2019-06-28 16:37:00,74.61,74.78,74.61,74.76,0.2010454362686043
2019-06-28 16:36:00,74.59,74.62,74.55,74.61,0.0268132457433919
2019-06-28 16:35:00,74.61,74.62,74.59,74.59,-0.0268060581691408
2019-06-28 16:34:00,74.57,74.62,74.57,74.61,0.0536408743462602
2019-06-28 16:33:00,74.54,74.59,74.54,74.57,0.0402468473302749
2019-06-28 16:32:00,74.63,74.64,74.53,74.54,-0.120594935012715
2019-06-28 16:31:00,74.64,74.66,74.56,74.63,-0.0133976420150122
2019-06-28 16:30:00,74.57,74.66,74.55,74.62,0.06705109293283
2019-06-28 16:29:00,74.5,74.56,74.5,74.55,0.0671140939597277
2019-06-28 16:28:00,74.48,74.56,74.48,74.5,0.0268528464017132
2019-06-28 16:27:00,74.44,74.48,74.41,74.48,0.0537345513165049
2019-06-28 16:26:00,74.57,74.58,74.44,74.44,-0.1743328416253124
2019-06-28 16:25:00,74.62,74.62,74.55,74.55,-0.0938086303940061
2019-06-28 16:24:00,74.63,74.63,74.52,74.62,-0.0133994372236244
2019-06-28 16:23:00,74.67,74.67,74.6,74.6,-0.0937458149189867
2019-06-28 16:22:00,74.57,74.7,74.57,74.67,0.134102185865641
2019-06-28 16:21:00,74.57,74.64,74.57,74.57,0.0
2019-06-28 16:20:00,74.61,74.65,74.56,74.57,-0.0536121163383008
2019-06-28 16:19:00,74.6,74.64,74.6,74.61,0.0134048257372722
2019-06-28 16:18:00,74.63,74.67,74.6,74.63,0.0
2019-06-28 16:17:00,74.6,74.69,74.6,74.63,0.0402144772117977
2019-06-28 16:16:00,74.55,74.62,74.5,74.59,0.0536552649228789
2019-06-28 16:15:00,74.6,74.66,74.51,74.55,-0.0670241286863232
2019-06-28 16:14:00,74.45,74.69,74.45,74.6,0.2014775016789677
2019-06-28 16:13:00,74.44,74.48,74.44,74.45,0.0134336378291309
2019-06-28 16:12:00,74.41,74.45,74.27,74.44,0.0403171616718198
2019-06-28 16:11:00,74.47,74.47,74.39,74.41,-0.0805693567879713
2019-06-28 16:10:00,74.41,74.54,74.41,74.47,0.0806343233436396
2019-06-28 16:09:00,74.41,74.44,74.38,74.41,0.0
2019-06-28 16:08:00,74.41,74.46,74.36,74.41,0.0
2019-06-28 16:07:00,74.41,74.47,74.36,74.41,0.0
2019-06-28 16:06:00,74.5,74.5,74.4,74.4,-0.1342281879194554
2019-06-28 16:05:00,74.41,74.54,74.4,74.5,0.1209514850154595
2019-06-28 16:04:00,74.49,74.49,74.4,74.41,-0.1073969660357072
2019-06-28 16:03:00,74.49,74.53,74.46,74.49,0.0
2019-06-28 16:02:00,74.61,74.61,74.45,74.46,-0.2010454362686043
2019-06-28 16:01:00,74.58,74.75,74.58,74.61,0.040225261464201
2019-06-28 16:00:00,74.77,74.78,74.53,74.58,-0.2541126120101615
2019-06-28 15:59:00,74.84,74.87,74.71,74.77,-0.0935328701229387
2019-06-28 15:58:00,74.81,74.86,74.74,74.84,0.0401015906964324
2019-06-28 15:57:00,74.73,74.82,74.7,74.79,0.0802890405459685
2019-06-28 15:56:00,74.69,74.81,74.65,74.7,0.0133886731824944
2019-06-28 15:55:00,74.79,74.81,74.64,74.69,-0.1337077149351631
2019-06-28 15:54:00,74.72,74.84,74.72,74.79,0.0936830835117872
2019-06-28 15:53:00,74.87,74.87,74.6,74.72,-0.2003472685989123
2019-06-28 15:52:00,74.53,74.89,74.51,74.87,0.4561921373943424
2019-06-28 15:51:00,74.47,74.58,74.44,74.53,0.0805693567879713
2019-06-28 15:50:00,74.52,74.52,74.44,74.47,-0.0670960815888314
2019-06-28 15:49:00,74.46,74.65,74.46,74.52,0.080580177276393
2019-06-28 15:48:00,74.47,74.53,74.41,74.53,0.0805693567879713
2019-06-28 15:47:00,74.34,74.48,74.27,74.47,0.1748722087705077
2019-06-28 15:46:00,74.26,74.35,74.18,74.34,0.1077295987072425
2019-06-28 15:45:00,74.12,74.27,74.12,74.27,0.2023745277927569
2019-06-28 15:44:00,74.06,74.12,74.04,74.12,0.0810153929246587
2019-06-28 15:43:00,74.06,74.13,74.03,74.06,0.0
2019-06-28 15:42:00,74.06,74.12,74.03,74.07,0.0135025654874303
2019-06-28 15:41:00,74.2,74.2,74.03,74.06,-0.1886792452830196
2019-06-28 15:40:00,74.35,74.35,74.16,74.2,-0.2017484868863368
2019-06-28 15:39:00,74.28,74.39,74.17,74.35,0.0942380183090915
2019-06-28 15:38:00,74.47,74.47,74.27,74.28,-0.2551362964952299
2019-06-28 15:37:00,74.24,74.49,74.24,74.47,0.309806034482764
2019-06-28 15:36:00,73.8,74.46,73.8,74.24,0.5962059620596175
2019-06-28 15:35:00,73.81,73.86,73.8,73.8,-0.013548299688396
